000000000000000000000000000000
011100111001111011101110011110
010111100011001110100011110010
010010001110011010111000000110
010011001000010000001111011100
011001100011110011100001001000
001000111010011010101111011010
011011101110010010001000001110
010000000000111011001011100010
011110011101100010011000111110
000010110101001011001101100010
001110100111111001100100101010
011000000000000000101110101010
010001111110111011100011101010
011101000100101110001000001010
010001110110100000011111001110
011100010011101100110010011000
010101010000001001100011010010
000111011111001011001110011010
001101000001111010001011001110
011001101100101010111010000010
010000101000001000100000111110
011001111110011011100111100000
001101000000110001001100001010
011001111001100111011001011110
001000001011000010010001110010
0E1011101010010011011100000010
010010101111011001110110111010
011110101001001111010011101110
000000000000000000000000000000
