000000000000000000000000000000
0111011111111011110101111011E0
010111000100111001011100111010
000000001110010001001000000010
011110011010010011011001011110
001011000000110110001011010000
011001110001100100111110011110
001101011011001101100000000100
000100001110001000000111101110
011110100000111110011100100010
010011111110000010110001101110
010000000100011111100011001000
011111110111000000001110011110
000100010001001100111000110010
011110011101011001100001100110
001011000001001011001011001100
011001100111011110001010011000
010000001100000011101111001110
010110111000111000100101000100
010010100010101011110000011100
010110111010101000011111110110
010010010011101101000000000100
011111011010000101110111011110
000001001011110100010101110000
011101001001000110110100000010
010111011011100010100110111110
010000010010001000110011101000
011101011111111010011000001110
010111010100101111001111111010
000000000000000000000000000000
